-1.501050e-15
-3.002099e-15
-1.501050e-15
-6.004199e-15
-1.501050e-15
-3.002099e-15
-1.501050e-15
-1.200840e-14
-1.501050e-15
-3.002099e-15
-1.501050e-15
-6.004199e-15
-1.501050e-15
-3.002099e-15
-1.501050e-15
-2.401442e-14
-1.501050e-15
-3.002099e-15
-1.501050e-15
-6.004199e-15
-1.501050e-15
-3.002099e-15
-1.501050e-15
-1.200364e-14
-1.501050e-15
-3.002099e-15
-1.501050e-15
-5.994692e-15
-1.501050e-15
-2.983085e-15
-1.463022e-15
1.900367e-08
-1.501050e-15
-3.002099e-15
-1.501050e-15
-6.004199e-15
-1.501050e-15
-3.002099e-15
-1.501050e-15
-1.198938e-14
-1.501050e-15
-3.002099e-15
-1.501050e-15
-5.966172e-15
-1.501050e-15
-2.926046e-15
-1.348943e-15
3.800673e-08
-1.501050e-15
-3.002099e-15
-1.501050e-15
-5.852103e-15
-1.501050e-15
-2.697907e-15
-8.926644e-16
7.601078e-08
-1.501050e-15
-1.785503e-15
9.321439e-16
1.520107e-07
8.228941e-15
3.039779e-07
6.077820e-07
2.403167e-03
-1.501050e-15
-3.002099e-15
-1.501050e-15
-6.004199e-15
-1.501050e-15
-3.002099e-15
-1.501050e-15
-1.170960e-14
-1.501050e-15
-3.002099e-15
-1.501050e-15
-5.406603e-15
-1.501050e-15
-1.806908e-15
8.893339e-16
1.506675e-07
-1.501050e-15
-3.002099e-15
-1.501050e-15
-3.614155e-15
-1.501050e-15
1.777988e-15
8.059125e-15
3.013136e-07
-1.501050e-15
1.611281e-14
3.672876e-14
6.025414e-07
1.513311e-13
1.204740e-06
2.408109e-06
4.784881e-03
-1.501050e-15
-3.002099e-15
-1.501050e-15
3.089154e-14
-1.501050e-15
7.078938e-14
1.460819e-13
1.183870e-06
-1.501050e-15
2.919972e-13
5.884974e-13
2.367072e-06
2.355830e-12
4.731473e-06
9.452285e-06
9.485147e-03
-1.501050e-15
4.393006e-12
8.790506e-12
9.137561e-06
3.508862e-11
1.825489e-05
3.642913e-05
1.864111e-02
4.879677e-10
6.807467e-05
1.355705e-04
3.603488e-02
4.731481e-04
6.756903e-02
1.202259e-01
1.211279e+00
-1.501050e-15
-3.002099e-15
-1.501050e-15
-6.004199e-15
-1.501050e-15
-3.002099e-15
-1.501050e-15
3.172290e-14
-1.501050e-15
-3.002099e-15
-1.501050e-15
8.145840e-14
-1.501050e-15
1.719231e-13
3.483492e-13
1.822750e-06
-1.501050e-15
-3.002099e-15
-1.501050e-15
3.436729e-13
-1.501050e-15
6.963520e-13
1.397207e-12
3.644597e-06
-1.501050e-15
2.791645e-12
5.587788e-12
7.285586e-06
2.231143e-11
1.455676e-05
2.905608e-05
1.664421e-02
-1.501050e-15
-3.002099e-15
-1.501050e-15
5.228198e-12
-1.501050e-15
1.046539e-11
2.093526e-11
1.410072e-05
-1.501050e-15
4.178909e-11
8.358240e-11
2.817401e-05
3.330350e-10
5.623862e-05
1.120423e-04
3.274636e-02
-1.501014e-15
5.862559e-10
1.172502e-09
1.055233e-04
4.654825e-09
2.102560e-04
4.173870e-04
6.343198e-02
5.763382e-08
7.398825e-04
1.459357e-03
1.193837e-01
4.577857e-03
2.137319e-01
3.538415e-01
2.267897e+00
-1.501050e-15
-3.002088e-15
-1.501027e-15
4.649221e-10
-1.500959e-15
9.298459e-10
1.859667e-09
1.328955e-04
-1.499610e-15
3.697228e-09
7.394226e-09
2.650000e-04
2.922626e-08
5.268654e-04
1.041424e-03
1.006318e-01
-1.267894e-15
4.705532e-08
9.410006e-08
9.454306e-04
3.680285e-07
1.869921e-03
3.658939e-03
1.905808e-01
3.801462e-06
6.012731e-03
1.157188e-02
3.447902e-01
3.112880e-02
5.798012e-01
8.804488e-01
4.025416e+00
3.361080e-13
1.790577e-06
3.578669e-06
5.833753e-03
1.354050e-05
1.135506e-02
2.155980e-02
4.773822e-01
1.100986e-04
3.245997e-02
5.966306e-02
8.225658e-01
1.344594e-01
1.290105e+00
1.798796e+00
6.581109e+00
1.217781e-03
1.089240e-01
1.887387e-01
1.565647e+00
3.638027e-01
2.306271e+00
2.996484e+00
9.643839e+00
6.578715e-01
3.332135e+00
4.121936e+00
1.245863e+01
5.330913e+00
1.530534e+01
1.752943e+01
3.976063e+01
-1.501050e-15
-3.002099e-15
-1.501050e-15
-6.004199e-15
-1.501050e-15
-3.002099e-15
-1.501050e-15
4.352223e-11
-1.501050e-15
-3.002099e-15
-1.501049e-15
8.706232e-11
-1.501047e-15
1.741331e-10
3.482682e-10
5.751044e-05
-1.501050e-15
-3.002093e-15
-1.501037e-15
3.472999e-10
-1.500999e-15
6.946041e-10
1.389194e-09
1.148612e-04
-1.500246e-15
2.763028e-09
5.525910e-09
2.290866e-04
2.185987e-08
4.556518e-04
9.013919e-04
9.354514e-02
-1.501050e-15
-3.000912e-15
-1.498674e-15
4.749982e-09
-1.491547e-15
9.499732e-09
1.899851e-08
4.247834e-04
-1.352218e-15
3.759530e-08
7.518305e-08
8.450638e-04
2.944034e-07
1.672414e-03
3.276264e-03
1.801256e-01
1.923004e-14
4.437077e-07
8.871088e-07
2.903517e-03
3.411615e-06
5.695871e-03
1.097284e-02
3.354028e-01
3.076905e-05
1.712879e-02
3.216625e-02
5.900054e-01
7.798140e-02
9.522870e-01
1.373728e+00
5.438367e+00
-1.501050e-15
2.029599e-16
4.909069e-15
2.467282e-07
2.413008e-14
4.933666e-07
9.863737e-07
3.061715e-03
3.858004e-13
1.917832e-06
3.832910e-06
6.037569e-03
1.448862e-05
1.174643e-02
2.228428e-02
4.857673e-01
3.709082e-11
1.876847e-05
3.745286e-05
1.890181e-02
1.356372e-04
3.604378e-02
6.598013e-02
8.689431e-01
8.895132e-04
9.291997e-02
1.625168e-01
1.436809e+00
3.201331e-01
2.135413e+00
2.801788e+00
9.154360e+00
1.059688e-08
3.172424e-04
6.287093e-04
7.798345e-02
2.062468e-03
1.422994e-01
2.424412e-01
1.811092e+00
9.641260e-03
3.136442e-01
5.036573e-01
2.815697e+00
8.345495e-01
3.886301e+00
4.702839e+00
1.391930e+01
4.165705e-02
6.774568e-01
1.012900e+00
4.418039e+00
1.495873e+00
5.771899e+00
7.091155e+00
1.873234e+01
2.083071e+00
7.323156e+00
8.997757e+00
2.261516e+01
1.129985e+01
2.726372e+01
2.959579e+01
6.390025e+01
-1.501050e-15
1.840935e-11
3.682311e-11
1.870062e-05
1.468304e-10
3.734204e-05
7.444850e-05
2.667401e-02
1.987134e-09
1.373747e-04
2.730950e-04
5.123591e-02
9.291246e-04
9.498921e-02
1.659264e-01
1.453969e+00
9.819509e-08
9.657854e-04
1.901235e-03
1.365337e-01
5.869655e-03
2.428080e-01
3.980716e-01
2.435868e+00
2.339539e-02
4.983937e-01
7.679309e-01
3.681111e+00
1.187750e+00
4.920040e+00
5.953442e+00
1.657913e+01
6.780265e-06
8.032007e-03
1.537045e-02
3.997473e-01
4.025243e-02
6.651041e-01
9.962848e-01
4.369437e+00
1.142086e-01
1.176885e+00
1.658251e+00
6.208470e+00
2.250959e+00
7.755620e+00
9.531443e+00
2.369573e+01
2.676874e-01
1.919845e+00
2.552684e+00
8.524903e+00
3.248610e+00
1.027553e+01
1.255617e+01
2.979031e+01
4.621620e+00
1.371422e+01
1.595353e+01
3.660463e+01
1.822144e+01
4.114597e+01
4.349751e+01
9.170391e+01
2.052756e-04
4.438501e-02
8.054954e-02
9.694237e-01
1.747161e-01
1.497622e+00
2.052068e+00
7.242872e+00
3.689675e-01
2.326038e+00
3.018860e+00
9.699988e+00
3.829965e+00
1.172828e+01
1.405632e+01
3.280169e+01
6.481148e-01
3.300507e+00
4.088244e+00
1.237426e+01
5.281815e+00
1.520176e+01
1.742384e+01
3.954923e+01
7.534032e+00
1.963813e+01
2.192377e+01
4.855448e+01
2.424300e+01
5.319390e+01
5.554785e+01
1.158046e+02
1.331640e+00
5.322262e+00
6.478934e+00
1.759891e+01
8.523889e+00
2.165375e+01
2.395708e+01
5.262197e+01
1.076785e+01
2.619202e+01
2.852026e+01
6.174913e+01
3.086149e+01
6.643172e+01
6.878609e+01
1.422811e+02
1.300950e+01
3.070085e+01
3.304181e+01
7.079242e+01
3.538947e+01
7.548779e+01
7.784221e+01
1.603933e+02
3.774052e+01
8.018990e+01
8.254433e+01
1.697975e+02
8.489877e+01
1.745064e+02
1.768609e+02
3.584306e+02
-1.501050e-15
-3.002099e-15
-1.501050e-15
-5.951497e-15
-1.501050e-15
-2.896695e-15
-1.290240e-15
4.474359e-08
-1.501050e-15
-2.580527e-15
-6.579044e-16
8.948228e-08
1.870792e-15
1.789449e-07
3.578113e-07
1.843776e-03
-1.501050e-15
3.534285e-15
1.157172e-14
3.523462e-07
5.076725e-14
7.045390e-07
1.408465e-06
3.658878e-03
7.841247e-13
2.731454e-06
5.458229e-06
7.205829e-03
2.052580e-05
1.398485e-02
2.641174e-02
5.313857e-01
-1.501050e-15
7.991874e-13
1.602877e-12
3.903367e-06
6.406716e-12
7.801082e-06
1.557960e-05
1.218128e-02
9.151901e-11
2.948130e-05
5.879723e-05
2.369659e-02
2.104642e-04
4.494542e-02
8.152218e-02
9.758560e-01
5.967013e-09
2.380547e-04
4.723475e-04
6.751138e-02
1.570286e-03
1.239025e-01
2.129926e-01
1.679179e+00
7.630244e-03
2.779236e-01
4.507712e-01
2.628738e+00
7.603132e-01
3.657380e+00
4.465007e+00
1.331965e+01
-1.501028e-15
4.524198e-10
9.048341e-10
9.269909e-05
3.593883e-09
1.847470e-04
3.669181e-04
5.944571e-02
4.485632e-08
6.527267e-04
1.288520e-03
1.120839e-01
4.071071e-03
2.012712e-01
3.347054e-01
2.193207e+00
1.584214e-06
3.880550e-03
7.523000e-03
2.759017e-01
2.101764e-02
4.710243e-01
7.296189e-01
3.561155e+00
6.732776e-02
8.785952e-01
1.278494e+00
5.174696e+00
1.815027e+00
6.623868e+00
8.137294e+00
2.086783e+01
6.092507e-05
2.412278e-02
4.481476e-02
7.045912e-01
1.045712e-01
1.120296e+00
1.587316e+00
6.018623e+00
2.455541e-01
1.824703e+00
2.441422e+00
8.242246e+00
3.113418e+00
9.937057e+00
1.219253e+01
2.905952e+01
4.730413e-01
2.708202e+00
3.445830e+00
1.076861e+01
4.387235e+00
1.312410e+01
1.540787e+01
3.551133e+01
6.291257e+00
1.724041e+01
1.949688e+01
4.369866e+01
2.180067e+01
4.830821e+01
5.066164e+01
1.060322e+02
2.556121e-15
1.962897e-07
3.924891e-07
1.931076e-03
1.520359e-06
3.801504e-03
7.372026e-03
2.730322e-01
1.446421e-05
1.173651e-02
2.226594e-02
4.855565e-01
5.617133e-02
7.960534e-01
1.170566e+00
4.871400e+00
2.279116e-04
4.678142e-02
8.470353e-02
9.966823e-01
1.825204e-01
1.535715e+00
2.098001e+00
7.361766e+00
3.819403e-01
2.375311e+00
3.074509e+00
9.839545e+00
3.901146e+00
1.190620e+01
1.423342e+01
3.315691e+01
2.702813e-03
1.632906e-01
2.756304e-01
1.953336e+00
5.020311e-01
2.810036e+00
3.557883e+00
1.104855e+01
8.473674e-01
3.925326e+00
4.743089e+00
1.402106e+01
6.283534e+00
1.722552e+01
1.948178e+01
4.366843e+01
1.370232e+00
5.428748e+00
6.621950e+00
1.786788e+01
8.689229e+00
2.198943e+01
2.429522e+01
5.329836e+01
1.092374e+01
2.650617e+01
2.883560e+01
6.237982e+01
3.117743e+01
6.706361e+01
6.941798e+01
1.435448e+02
1.655077e-02
4.155165e-01
6.510901e-01
3.310165e+00
1.034785e+00
4.481800e+00
5.404450e+00
1.545962e+01
1.494494e+00
5.768160e+00
7.086564e+00
1.872294e+01
9.217298e+00
2.305993e+01
2.537282e+01
5.545382e+01
2.413287e+00
8.170593e+00
1.004505e+01
2.473376e+01
1.234739e+01
2.937078e+01
3.170882e+01
6.812642e+01
1.458883e+01
3.386961e+01
3.621559e+01
7.714003e+01
3.856579e+01
8.184044e+01
8.419487e+01
1.730986e+02
4.070236e+00
1.232918e+01
1.464876e+01
3.398976e+01
1.689758e+01
3.849547e+01
4.084563e+01
8.640013e+01
1.919733e+01
4.309920e+01
4.545146e+01
9.561181e+01
4.780482e+01
1.003185e+02
1.026730e+02
2.100548e+02
2.152394e+01
4.775457e+01
5.010791e+01
1.049247e+02
5.246180e+01
1.096325e+02
1.119869e+02
2.286827e+02
5.481597e+01
1.143408e+02
1.166953e+02
2.380994e+02
1.190497e+02
2.428083e+02
2.451627e+02
4.950343e+02
2.427205e-11
1.518285e-05
3.030451e-05
1.699873e-02
1.103057e-04
3.249060e-02
5.971721e-02
8.229718e-01
7.392612e-04
8.462776e-02
1.487926e-01
1.366343e+00
2.968199e-01
2.041147e+00
2.693350e+00
8.880858e+00
5.637406e-03
2.378230e-01
3.905286e-01
2.407647e+00
6.738620e-01
3.383708e+00
4.176748e+00
1.259594e+01
1.067685e+00
4.577116e+00
5.521950e+00
1.570398e+01
7.369112e+00
1.930115e+01
2.158330e+01
4.787332e+01
2.834950e-02
5.517019e-01
8.418426e-01
3.908522e+00
1.282354e+00
5.185453e+00
6.297666e+00
1.725276e+01
1.804125e+00
6.595152e+00
8.102007e+00
2.079602e+01
1.036165e+01
2.537285e+01
2.769774e+01
6.010399e+01
2.892967e+00
9.383815e+00
1.155802e+01
2.778336e+01
1.377102e+01
3.222935e+01
3.457302e+01
7.385488e+01
1.603577e+01
3.676937e+01
3.911829e+01
8.294544e+01
4.146996e+01
8.764880e+01
9.000324e+01
1.847154e+02
1.181713e-01
1.199611e+00
1.686607e+00
6.284012e+00
2.282696e+00
7.836978e+00
9.632012e+00
2.389912e+01
3.168872e+00
1.007595e+01
1.234241e+01
2.936078e+01
1.454601e+01
3.378376e+01
3.612964e+01
7.696812e+01
4.957423e+00
1.450558e+01
1.671334e+01
3.812651e+01
1.899068e+01
4.268563e+01
4.503776e+01
9.478440e+01
2.130558e+01
4.731770e+01
4.967097e+01
1.040508e+02
5.202483e+01
1.087585e+02
1.111130e+02
2.269348e+02
7.114639e+00
1.878044e+01
2.105682e+01
4.682000e+01
2.337117e+01
5.144996e+01
5.380376e+01
1.123164e+02
2.570530e+01
5.611884e+01
5.847296e+01
1.216548e+02
6.082724e+01
1.263634e+02
1.287178e+02
2.621445e+02
2.804952e+01
6.080759e+01
6.316187e+01
1.310326e+02
6.551623e+01
1.357413e+02
1.380958e+02
2.809004e+02
6.787063e+01
1.404501e+02
1.428046e+02
2.903180e+02
1.451590e+02
2.950269e+02
2.973814e+02
5.994716e+02
5.555822e-01
2.993872e+00
3.758442e+00
1.154956e+01
4.813206e+00
1.418938e+01
1.639012e+01
3.747918e+01
6.941156e+00
1.845524e+01
2.072777e+01
4.616166e+01
2.304011e+01
5.078769e+01
5.314143e+01
1.109917e+02
9.110927e+00
2.284448e+01
2.515603e+01
5.502019e+01
2.748871e+01
5.968592e+01
6.204017e+01
1.287892e+02
2.983219e+01
6.437307e+01
6.672742e+01
1.381637e+02
6.908181e+01
1.428725e+02
1.452269e+02
2.951628e+02
1.134392e+01
2.735243e+01
2.968479e+01
6.407826e+01
3.202810e+01
6.876499e+01
7.111938e+01
1.469476e+02
3.437696e+01
7.346275e+01
7.581717e+01
1.563432e+02
7.817160e+01
1.610521e+02
1.634065e+02
3.315219e+02
3.672860e+01
7.816606e+01
8.052049e+01
1.657499e+02
8.287493e+01
1.704587e+02
1.728132e+02
3.503352e+02
8.522936e+01
1.751676e+02
1.775220e+02
3.597530e+02
1.798765e+02
3.644619e+02
3.668163e+02
7.383415e+02
1.363570e+01
3.195783e+01
3.430106e+01
7.331095e+01
3.664988e+01
7.800861e+01
8.036304e+01
1.654350e+02
3.900150e+01
8.271187e+01
8.506630e+01
1.748415e+02
8.742074e+01
1.795504e+02
1.819048e+02
3.685185e+02
4.135453e+01
8.741793e+01
8.977237e+01
1.842536e+02
9.212681e+01
1.889625e+02
1.913169e+02
3.873428e+02
9.448125e+01
1.936714e+02
1.960258e+02
3.967605e+02
1.983803e+02
4.014694e+02
4.038238e+02
8.123565e+02
4.370826e+01
9.212541e+01
9.447984e+01
1.936686e+02
9.683428e+01
1.983774e+02
2.007319e+02
4.061727e+02
9.918872e+01
2.030863e+02
2.054408e+02
4.155904e+02
2.077952e+02
4.202993e+02
4.226537e+02
8.500163e+02
1.015432e+02
2.077952e+02
2.101496e+02
4.250082e+02
2.125041e+02
4.297171e+02
4.320715e+02
8.688519e+02
2.148585e+02
4.344259e+02
4.367804e+02
8.782696e+02
4.391348e+02
8.829785e+02
8.853329e+02
1.775375e+03
-1.501050e-15
-3.002099e-15
-1.501050e-15
1.717490e-12
-1.501050e-15
3.443985e-12
6.892466e-12
8.091347e-06
-1.501050e-15
1.376461e-11
2.753367e-11
1.617077e-05
1.098148e-10
3.229393e-05
6.439832e-05
2.480284e-02
-1.501046e-15
1.964234e-10
3.928485e-10
6.108046e-05
1.562419e-09
1.218123e-04
2.422424e-04
4.823803e-02
1.997872e-08
4.356043e-04
8.619400e-04
9.145286e-02
2.783377e-03
1.657529e-01
2.794970e-01
1.969522e+00
-1.483979e-15
1.273248e-08
2.546346e-08
4.917790e-04
1.002134e-07
9.756616e-04
1.920525e-03
1.372357e-01
1.103726e-06
3.238798e-03
6.295245e-03
2.517069e-01
1.784775e-02
4.322655e-01
6.749078e-01
3.387070e+00
2.576020e-05
1.567000e-02
2.950202e-02
5.634950e-01
7.221224e-02
9.129318e-01
1.322994e+00
5.298331e+00
1.827351e-01
1.536755e+00
2.099252e+00
7.365000e+00
2.733615e+00
8.982499e+00
1.105538e+01
2.677138e+01
2.336597e-13
1.494405e-06
2.986916e-06
5.329331e-03
1.132910e-05
1.038532e-02
1.976079e-02
4.559952e-01
9.345024e-05
2.989620e-02
5.512080e-02
7.879429e-01
1.254450e-01
1.240576e+00
1.737533e+00
6.419214e+00
1.065276e-03
1.017915e-01
1.770937e-01
1.509291e+00
3.445424e-01
2.231766e+00
2.911870e+00
9.431334e+00
6.303157e-01
3.242485e+00
4.026279e+00
1.221916e+01
5.192133e+00
1.501135e+01
1.722966e+01
3.916043e+01
8.446037e-03
2.928888e-01
4.730118e-01
2.708097e+00
7.917084e-01
3.754820e+00
4.566602e+00
1.357548e+01
1.211593e+00
4.987299e+00
6.039783e+00
1.675012e+01
8.004492e+00
2.059750e+01
2.289221e+01
5.049184e+01
1.943409e+00
6.960325e+00
8.550984e+00
2.170878e+01
1.083689e+01
2.633117e+01
2.865994e+01
6.202850e+01
1.304621e+01
3.077458e+01
3.311568e+01
7.094016e+01
3.546342e+01
7.563568e+01
7.799010e+01
1.606891e+02
7.251934e-10
8.298842e-05
1.651983e-04
3.979567e-02
5.726616e-04
7.439515e-02
1.317140e-01
1.275158e+00
3.180218e-03
1.774109e-01
2.977319e-01
2.044879e+00
5.359157e-01
2.926962e+00
3.685698e+00
1.136783e+01
1.772936e-02
4.307599e-01
6.727713e-01
3.380201e+00
1.063514e+00
4.565068e+00
5.507042e+00
1.567312e+01
1.526883e+00
5.855834e+00
7.194186e+00
1.894332e+01
9.354025e+00
2.333674e+01
2.565129e+01
5.601081e+01
6.449472e-02
8.582095e-01
1.251967e+00
5.100617e+00
1.783737e+00
6.541387e+00
8.035947e+00
2.066154e+01
2.468419e+00
8.310928e+00
1.021912e+01
2.508522e+01
1.251651e+01
2.971062e+01
3.204946e+01
6.880771e+01
3.894147e+00
1.188870e+01
1.421606e+01
3.312210e+01
1.645763e+01
3.761438e+01
3.996395e+01
8.463677e+01
1.875349e+01
4.221090e+01
4.456287e+01
9.383461e+01
4.691607e+01
9.854102e+01
1.008955e+02
2.064998e+02
2.413654e-01
1.806374e+00
2.419891e+00
8.187418e+00
3.087398e+00
9.871852e+00
1.212185e+01
2.891743e+01
4.390921e+00
1.313336e+01
1.541656e+01
3.552873e+01
1.767708e+01
4.005624e+01
4.240728e+01
8.952343e+01
6.556813e+00
1.774583e+01
2.000933e+01
4.472412e+01
2.231688e+01
4.934090e+01
5.169447e+01
1.080978e+02
2.464750e+01
5.400301e+01
5.635701e+01
1.174229e+02
5.871123e+01
1.221313e+02
1.244858e+02
2.536804e+02
8.761517e+00
2.213611e+01
2.444295e+01
5.359384e+01
2.677319e+01
5.825480e+01
6.060901e+01
1.259269e+02
2.911544e+01
6.293952e+01
6.529384e+01
1.352966e+02
6.764823e+01
1.400053e+02
1.423598e+02
2.894284e+02
3.146376e+01
6.763627e+01
6.999065e+01
1.446902e+02
7.234507e+01
1.493990e+02
1.517535e+02
3.082158e+02
7.469949e+01
1.541079e+02
1.564623e+02
3.176335e+02
1.588167e+02
3.223424e+02
3.246968e+02
6.541025e+02
3.998991e-07
1.949224e-03
3.812410e-03
1.946258e-01
1.123225e-02
3.394963e-01
5.415211e-01
2.946101e+00
4.019225e-02
6.645708e-01
9.955666e-01
4.367332e+00
1.474551e+00
5.714020e+00
7.013991e+00
1.858676e+01
1.226969e-01
1.225209e+00
1.718457e+00
6.368638e+00
2.318221e+00
7.927911e+00
9.744487e+00
2.412651e+01
3.220600e+00
1.020544e+01
1.248131e+01
2.963991e+01
1.468815e+01
3.406873e+01
3.641495e+01
7.753876e+01
2.936284e-01
2.028057e+00
2.678232e+00
8.842669e+00
3.402713e+00
1.066086e+01
1.296358e+01
3.060864e+01
4.843193e+00
1.425548e+01
1.645771e+01
3.761454e+01
1.873201e+01
4.216790e+01
4.451985e+01
9.374858e+01
7.121414e+00
1.879432e+01
2.107085e+01
4.684808e+01
2.338529e+01
5.147820e+01
5.383201e+01
1.123729e+02
2.571947e+01
5.614717e+01
5.850130e+01
1.217115e+02
6.085558e+01
1.264200e+02
1.287745e+02
2.622578e+02
8.472230e-01
3.924887e+00
4.742637e+00
1.401992e+01
6.282805e+00
1.722412e+01
1.948035e+01
4.366558e+01
8.596656e+00
2.180152e+01
2.410594e+01
5.291974e+01
2.643495e+01
5.757826e+01
5.993244e+01
1.245738e+02
1.078334e+01
2.622325e+01
2.855161e+01
6.181183e+01
3.089290e+01
6.649454e+01
6.884891e+01
1.424067e+02
3.324073e+01
7.119028e+01
7.354468e+01
1.517982e+02
7.589910e+01
1.565071e+02
1.588615e+02
3.224319e+02
1.304994e+01
3.078206e+01
3.312318e+01
7.095517e+01
3.547093e+01
7.565070e+01
7.800512e+01
1.607191e+02
3.782201e+01
8.035289e+01
8.270732e+01
1.701235e+02
8.506176e+01
1.748324e+02
1.771868e+02
3.590825e+02
4.017477e+01
8.505842e+01
8.741286e+01
1.795346e+02
8.976729e+01
1.842435e+02
1.865979e+02
3.779047e+02
9.212173e+01
1.889523e+02
1.913068e+02
3.873225e+02
1.936612e+02
3.920313e+02
3.943858e+02
7.934804e+02
1.950657e+00
6.979233e+00
8.574249e+00
2.175602e+01
1.086124e+01
2.638024e+01
2.870920e+01
6.212702e+01
1.307115e+01
3.082466e+01
3.316586e+01
7.104052e+01
3.551364e+01
7.573613e+01
7.809056e+01
1.608900e+02
1.535004e+01
3.539544e+01
3.774313e+01
8.019512e+01
4.009418e+01
8.489724e+01
8.725167e+01
1.792122e+02
4.244693e+01
8.960273e+01
9.195717e+01
1.886232e+02
9.431161e+01
1.933321e+02
1.956865e+02
3.960820e+02
1.766584e+01
4.003372e+01
4.238475e+01
8.947838e+01
4.473748e+01
9.418384e+01
9.653828e+01
1.977854e+02
4.709107e+01
9.889102e+01
1.012455e+02
2.071998e+02
1.035999e+02
2.119087e+02
2.142631e+02
4.332351e+02
4.944508e+01
1.035990e+02
1.059535e+02
2.166158e+02
1.083079e+02
2.213247e+02
2.236792e+02
4.520672e+02
1.106624e+02
2.260336e+02
2.283880e+02
4.614850e+02
2.307425e+02
4.661938e+02
4.685483e+02
9.418055e+02
2.000073e+01
4.470690e+01
4.705963e+01
9.882814e+01
4.941321e+01
1.035353e+02
1.058897e+02
2.164884e+02
5.176722e+01
1.082433e+02
1.105978e+02
2.259044e+02
1.129522e+02
2.306133e+02
2.329677e+02
4.706443e+02
5.412145e+01
1.129518e+02
1.153062e+02
2.353213e+02
1.176607e+02
2.400302e+02
2.423846e+02
4.894781e+02
1.200151e+02
2.447391e+02
2.470935e+02
4.988959e+02
2.494479e+02
5.036048e+02
5.059592e+02
1.016627e+03
5.647578e+01
1.176604e+02
1.200149e+02
2.447386e+02
1.223693e+02
2.494475e+02
2.518020e+02
5.083128e+02
1.247238e+02
2.541564e+02
2.565108e+02
5.177306e+02
2.588653e+02
5.224394e+02
5.247939e+02
1.054297e+03
1.270782e+02
2.588653e+02
2.612197e+02
5.271483e+02
2.635742e+02
5.318572e+02
5.342116e+02
1.073132e+03
2.659286e+02
5.365661e+02
5.389205e+02
1.082550e+03
5.412750e+02
1.087259e+03
1.089613e+03
2.183935e+03
4.211246e-04
6.371749e-02
1.137079e-01
1.173992e+00
2.355157e-01
1.780593e+00
2.389550e+00
8.110084e+00
4.671055e-01
2.687131e+00
3.422558e+00
1.071045e+01
4.356166e+00
1.304604e+01
1.533456e+01
3.536442e+01
7.957039e-01
3.767154e+00
4.579423e+00
1.360780e+01
6.023095e+00
1.671718e+01
1.896578e+01
4.263579e+01
8.334517e+00
2.126897e+01
2.356931e+01
5.184630e+01
2.589620e+01
5.650067e+01
5.885481e+01
1.224185e+02
1.589736e+00
6.025122e+00
7.401992e+00
1.936837e+01
9.600092e+00
2.383457e+01
2.615194e+01
5.701221e+01
1.177558e+01
2.822108e+01
3.055610e+01
6.582092e+01
3.290076e+01
7.051032e+01
7.286472e+01
1.504383e+02
1.403558e+01
3.276009e+01
3.510457e+01
7.491799e+01
3.745402e+01
7.961690e+01
8.197133e+01
1.686515e+02
3.980596e+01
8.432078e+01
8.667522e+01
1.780593e+02
8.902966e+01
1.827682e+02
1.851226e+02
3.749541e+02
3.007988e+00
9.672709e+00
1.190472e+01
2.848084e+01
1.409766e+01
3.288463e+01
3.522929e+01
7.516742e+01
1.636699e+01
3.743285e+01
3.978228e+01
8.427343e+01
4.213422e+01
8.897731e+01
9.133174e+01
1.873724e+02
1.867771e+01
4.205922e+01
4.441113e+01
9.353114e+01
4.676430e+01
9.823749e+01
1.005919e+02
2.058927e+02
4.911811e+01
1.029451e+02
1.052995e+02
2.153080e+02
1.076540e+02
2.200168e+02
2.223713e+02
4.494514e+02
2.100998e+01
4.672629e+01
4.907945e+01
1.028678e+02
5.143326e+01
1.075754e+02
1.099298e+02
2.245686e+02
5.378738e+01
1.122836e+02
1.146381e+02
2.339850e+02
1.169925e+02
2.386939e+02
2.410484e+02
4.868056e+02
5.614166e+01
1.169922e+02
1.193466e+02
2.434022e+02
1.217011e+02
2.481110e+02
2.504655e+02
5.056398e+02
1.240555e+02
2.528199e+02
2.551744e+02
5.150576e+02
2.575288e+02
5.197665e+02
5.221209e+02
1.048951e+03
4.744775e+00
1.402533e+01
1.623514e+01
3.716874e+01
1.850668e+01
4.171690e+01
4.406868e+01
9.284624e+01
2.081851e+01
4.634320e+01
4.869629e+01
1.021015e+02
5.105006e+01
1.068090e+02
1.091634e+02
2.230358e+02
2.315135e+01
5.101022e+01
5.336398e+01
1.114368e+02
5.571808e+01
1.161450e+02
1.184995e+02
2.417078e+02
5.807235e+01
1.208536e+02
1.232080e+02
2.511249e+02
1.255625e+02
2.558338e+02
2.581882e+02
5.210854e+02
2.549491e+01
5.569802e+01
5.805212e+01
1.208131e+02
6.040639e+01
1.255217e+02
1.278761e+02
2.604611e+02
6.276074e+01
1.302304e+02
1.325848e+02
2.698785e+02
1.349392e+02
2.745874e+02
2.769418e+02
5.585925e+02
6.511514e+01
1.349392e+02
1.372936e+02
2.792961e+02
1.396480e+02
2.840050e+02
2.863594e+02
5.774277e+02
1.420025e+02
2.887138e+02
2.910683e+02
5.868454e+02
2.934227e+02
5.915543e+02
5.939087e+02
1.192526e+03
2.784389e+01
6.039632e+01
6.275059e+01
1.302101e+02
6.510494e+01
1.349188e+02
1.372732e+02
2.792553e+02
6.745934e+01
1.396276e+02
1.419820e+02
2.886729e+02
1.443364e+02
2.933818e+02
2.957362e+02
5.961813e+02
6.981376e+01
1.443364e+02
1.466908e+02
2.980906e+02
1.490453e+02
3.027994e+02
3.051539e+02
6.150166e+02
1.513997e+02
3.075083e+02
3.098628e+02
6.244344e+02
3.122172e+02
6.291433e+02
6.314977e+02
1.267704e+03
7.216819e+01
1.490453e+02
1.513997e+02
3.075083e+02
1.537541e+02
3.122172e+02
3.145716e+02
6.338521e+02
1.561086e+02
3.169260e+02
3.192805e+02
6.432698e+02
3.216349e+02
6.479787e+02
6.503332e+02
1.305375e+03
1.584630e+02
3.216349e+02
3.239894e+02
6.526876e+02
3.263438e+02
6.573965e+02
6.597509e+02
1.324211e+03
3.286982e+02
6.621054e+02
6.644598e+02
1.333628e+03
6.668142e+02
1.338337e+03
1.340692e+03
2.686092e+03
6.953035e+00
1.847675e+01
2.074954e+01
4.620522e+01
2.306202e+01
5.083152e+01
5.318526e+01
1.110794e+02
2.539517e+01
5.549853e+01
5.785262e+01
1.204141e+02
6.020688e+01
1.251226e+02
1.274771e+02
2.596630e+02
2.773890e+01
6.018632e+01
6.254059e+01
1.297901e+02
6.489494e+01
1.344988e+02
1.368532e+02
2.784153e+02
6.724933e+01
1.392075e+02
1.415620e+02
2.878329e+02
1.439164e+02
2.925417e+02
2.948962e+02
5.945012e+02
3.008796e+01
6.488462e+01
6.723897e+01
1.391868e+02
6.959337e+01
1.438956e+02
1.462501e+02
2.972090e+02
7.194779e+01
1.486045e+02
1.509589e+02
3.066267e+02
1.533133e+02
3.113356e+02
3.136900e+02
6.320889e+02
7.430222e+01
1.533133e+02
1.556678e+02
3.160444e+02
1.580222e+02
3.207533e+02
3.231077e+02
6.509243e+02
1.603766e+02
3.254621e+02
3.278166e+02
6.603421e+02
3.301710e+02
6.650509e+02
6.674054e+02
1.339520e+03
3.243970e+01
6.958820e+01
7.194260e+01
1.485941e+02
7.429702e+01
1.533029e+02
1.556574e+02
3.160236e+02
7.665145e+01
1.580118e+02
1.603662e+02
3.254413e+02
1.627207e+02
3.301502e+02
3.325046e+02
6.697181e+02
7.900588e+01
1.627206e+02
1.650751e+02
3.348590e+02
1.674295e+02
3.395679e+02
3.419224e+02
6.885536e+02
1.697840e+02
3.442768e+02
3.466312e+02
6.979714e+02
3.489857e+02
7.026802e+02
7.050347e+02
1.414778e+03
8.136032e+01
1.674295e+02
1.697840e+02
3.442768e+02
1.721384e+02
3.489857e+02
3.513401e+02
7.073891e+02
1.744928e+02
3.536946e+02
3.560490e+02
7.168069e+02
3.584034e+02
7.215157e+02
7.238702e+02
1.452449e+03
1.768473e+02
3.584034e+02
3.607579e+02
7.262246e+02
3.631123e+02
7.309335e+02
7.332879e+02
1.471285e+03
3.654668e+02
7.356424e+02
7.379968e+02
1.480703e+03
7.403513e+02
1.485411e+03
1.487766e+03
2.980241e+03
3.479280e+01
7.429443e+01
7.664885e+01
1.580066e+02
7.900328e+01
1.627154e+02
1.650699e+02
3.348486e+02
8.135771e+01
1.674243e+02
1.697787e+02
3.442664e+02
1.721332e+02
3.489752e+02
3.513297e+02
7.073683e+02
8.371215e+01
1.721332e+02
1.744876e+02
3.536841e+02
1.768421e+02
3.583930e+02
3.607474e+02
7.262038e+02
1.791965e+02
3.631019e+02
3.654563e+02
7.356215e+02
3.678108e+02
7.403304e+02
7.426848e+02
1.490079e+03
8.606659e+01
1.768421e+02
1.791965e+02
3.631019e+02
1.815509e+02
3.678108e+02
3.701652e+02
7.450393e+02
1.839054e+02
3.725196e+02
3.748741e+02
7.544570e+02
3.772285e+02
7.591659e+02
7.615204e+02
1.527750e+03
1.862598e+02
3.772285e+02
3.795830e+02
7.638748e+02
3.819374e+02
7.685837e+02
7.709381e+02
1.546585e+03
3.842918e+02
7.732926e+02
7.756470e+02
1.556003e+03
7.780014e+02
1.560712e+03
1.563066e+03
3.130841e+03
8.842103e+01
1.815509e+02
1.839054e+02
3.725196e+02
1.862598e+02
3.772285e+02
3.795830e+02
7.638748e+02
1.886143e+02
3.819374e+02
3.842918e+02
7.732925e+02
3.866463e+02
7.780014e+02
7.803559e+02
1.565421e+03
1.909687e+02
3.866463e+02
3.890007e+02
7.827103e+02
3.913552e+02
7.874192e+02
7.897736e+02
1.584256e+03
3.937096e+02
7.921281e+02
7.944825e+02
1.593674e+03
7.968369e+02
1.598383e+03
1.600737e+03
3.206183e+03
1.933231e+02
3.913552e+02
3.937096e+02
7.921281e+02
3.960640e+02
7.968369e+02
7.991914e+02
1.603092e+03
3.984185e+02
8.015458e+02
8.039003e+02
1.612509e+03
8.062547e+02
1.617218e+03
1.619573e+03
3.243854e+03
4.007729e+02
8.062547e+02
8.086091e+02
1.621927e+03
8.109636e+02
1.626636e+03
1.628990e+03
3.262690e+03
8.133180e+02
1.631345e+03
1.633699e+03
3.272108e+03
1.636054e+03
3.276817e+03
1000
6.563051e+03
