5.000000e-01
5.000000e-01
5.000000e-01
5.000000e-01
5.000000e-01
5.000000e-01
5.000000e-01
5.000000e-01
5.000000e-01
5.000000e-01
5.000000e-01
5.000000e-01
5.000000e-01
5.000000e-01
5.000000e-01
5.000000e-01
5.000000e-01
5.000000e-01
5.000000e-01
5.000000e-01
5.000000e-01
5.000000e-01
5.000000e-01
5.000000e-01
5.000000e-01
5.000000e-01
5.000000e-01
5.000000e-01
5.000000e-01
5.000000e-01
5.000000e-01
4.999611e-01
5.000000e-01
5.000000e-01
5.000000e-01
5.000000e-01
5.000000e-01
5.000000e-01
5.000000e-01
5.000000e-01
5.000000e-01
5.000000e-01
5.000000e-01
5.000000e-01
5.000000e-01
5.000000e-01
5.000000e-01
4.999450e-01
5.000000e-01
5.000000e-01
5.000000e-01
5.000000e-01
5.000000e-01
5.000000e-01
5.000000e-01
4.999222e-01
5.000000e-01
5.000000e-01
5.000000e-01
4.998900e-01
5.000000e-01
4.998445e-01
4.997801e-01
4.861739e-01
5.000000e-01
5.000000e-01
5.000000e-01
5.000000e-01
5.000000e-01
5.000000e-01
5.000000e-01
5.000000e-01
5.000000e-01
5.000000e-01
5.000000e-01
5.000000e-01
5.000000e-01
5.000000e-01
5.000000e-01
4.998905e-01
5.000000e-01
5.000000e-01
5.000000e-01
5.000000e-01
5.000000e-01
5.000000e-01
5.000000e-01
4.998452e-01
5.000000e-01
5.000000e-01
4.999999e-01
4.997810e-01
4.999999e-01
4.996904e-01
4.995622e-01
4.804945e-01
5.000000e-01
5.000000e-01
5.000000e-01
5.000000e-01
5.000000e-01
4.999999e-01
4.999999e-01
4.996931e-01
5.000000e-01
4.999998e-01
4.999998e-01
4.995660e-01
4.999996e-01
4.993864e-01
4.991327e-01
4.725480e-01
5.000000e-01
4.999994e-01
4.999992e-01
4.991473e-01
4.999983e-01
4.987947e-01
4.982974e-01
4.615447e-01
4.999938e-01
4.976725e-01
4.967155e-01
4.466107e-01
4.938641e-01
4.270830e-01
4.031588e-01
2.182172e-01
5.000000e-01
5.000000e-01
5.000000e-01
5.000000e-01
5.000000e-01
5.000000e-01
5.000000e-01
4.999999e-01
5.000000e-01
5.000000e-01
5.000000e-01
4.999999e-01
5.000000e-01
4.999999e-01
4.999998e-01
4.996191e-01
5.000000e-01
5.000000e-01
5.000000e-01
4.999998e-01
5.000000e-01
4.999998e-01
4.999997e-01
4.994615e-01
5.000000e-01
4.999995e-01
4.999993e-01
4.992386e-01
4.999987e-01
4.989237e-01
4.984794e-01
4.636567e-01
5.000000e-01
5.000000e-01
5.000000e-01
4.999994e-01
5.000000e-01
4.999991e-01
4.999987e-01
4.989407e-01
5.000000e-01
4.999982e-01
4.999974e-01
4.985027e-01
4.999949e-01
4.978845e-01
4.970141e-01
4.490912e-01
5.000000e-01
4.999932e-01
4.999903e-01
4.971022e-01
4.999808e-01
4.959096e-01
4.942370e-01
4.293262e-01
4.999323e-01
4.923273e-01
4.892249e-01
4.034918e-01
4.809208e-01
3.718704e-01
3.370165e-01
1.434673e-01
5.000000e-01
5.000000e-01
5.000000e-01
4.999939e-01
5.000000e-01
4.999914e-01
4.999878e-01
4.967480e-01
5.000000e-01
4.999828e-01
4.999757e-01
4.954079e-01
4.999518e-01
4.935252e-01
4.908973e-01
4.112572e-01
5.000000e-01
4.999388e-01
4.999135e-01
4.913269e-01
4.998289e-01
4.878034e-01
4.829415e-01
3.787781e-01
4.994500e-01
4.781368e-01
4.696836e-01
3.389960e-01
4.503578e-01
2.951421e-01
2.535071e-01
7.799335e-02
4.999998e-01
4.996225e-01
4.994664e-01
4.784643e-01
4.989620e-01
4.699684e-01
4.586536e-01
3.125765e-01
4.970401e-01
4.493131e-01
4.314365e-01
2.606595e-01
3.977069e-01
2.109436e-01
1.714716e-01
3.483975e-02
4.901568e-01
4.077367e-01
3.793471e-01
1.881395e-01
3.348722e-01
1.414469e-01
1.104710e-01
1.405002e-02
2.831432e-01
9.839305e-02
7.555708e-02
6.282625e-03
5.127420e-02
2.834417e-03
1.535569e-03
4.122239e-06
5.000000e-01
5.000000e-01
5.000000e-01
5.000000e-01
5.000000e-01
5.000000e-01
5.000000e-01
4.999981e-01
5.000000e-01
5.000000e-01
5.000000e-01
4.999974e-01
5.000000e-01
4.999963e-01
4.999947e-01
4.978607e-01
5.000000e-01
5.000000e-01
5.000000e-01
4.999947e-01
5.000000e-01
4.999926e-01
4.999895e-01
4.969767e-01
5.000000e-01
4.999852e-01
4.999790e-01
4.957304e-01
4.999583e-01
4.939786e-01
4.915313e-01
4.143888e-01
5.000000e-01
5.000000e-01
5.000000e-01
4.999806e-01
5.000000e-01
4.999725e-01
4.999611e-01
4.941862e-01
5.000000e-01
4.999453e-01
4.999227e-01
4.918001e-01
4.998469e-01
4.884653e-01
4.838577e-01
3.820487e-01
5.000000e-01
4.998121e-01
4.997343e-01
4.848032e-01
4.994790e-01
4.787201e-01
4.704772e-01
3.410814e-01
4.984352e-01
4.631329e-01
4.495417e-01
2.935162e-01
4.217335e-01
2.450872e-01
2.036166e-01
4.957436e-02
5.000000e-01
5.000000e-01
5.000000e-01
4.998599e-01
5.000000e-01
4.998019e-01
4.997198e-01
4.843949e-01
4.999998e-01
4.996093e-01
4.994477e-01
4.780918e-01
4.989262e-01
4.694562e-01
4.579672e-01
3.110656e-01
4.999983e-01
4.987779e-01
4.982736e-01
4.612775e-01
4.967147e-01
4.466042e-01
4.279359e-01
2.549015e-01
4.915872e-01
4.146709e-01
3.877996e-01
1.983339e-01
3.445476e-01
1.507320e-01
1.182870e-01
1.620025e-02
4.999710e-01
4.949757e-01
4.929271e-01
4.217325e-01
4.871910e-01
3.948350e-01
3.638572e-01
1.706495e-01
4.723234e-01
3.460497e-01
3.078952e-01
1.177069e-01
2.591500e-01
8.166344e-02
6.258449e-02
4.168415e-03
4.426235e-01
2.802821e-01
2.383399e-01
6.860292e-02
1.935651e-01
4.467765e-02
2.985219e-02
1.105133e-03
1.537323e-01
2.784044e-02
1.695855e-02
3.859567e-04
8.728051e-03
1.111898e-04
5.983454e-05
7.909105e-09
5.000000e-01
4.999988e-01
4.999983e-01
4.987801e-01
4.999966e-01
4.982762e-01
4.975660e-01
4.540300e-01
4.999874e-01
4.966937e-01
4.953383e-01
4.364184e-01
4.914020e-01
4.137408e-01
3.866606e-01
1.969312e-01
4.999116e-01
4.912340e-01
4.877017e-01
3.969386e-01
4.783982e-01
3.637584e-01
3.277501e-01
1.348833e-01
4.569360e-01
3.088206e-01
2.677443e-01
8.744292e-02
2.204623e-01
5.838865e-02
4.223512e-02
1.993674e-03
4.992655e-01
4.747352e-01
4.650713e-01
3.274114e-01
4.435926e-01
2.820801e-01
2.401587e-01
6.969327e-02
4.055664e-01
2.215110e-01
1.812628e-01
3.904445e-02
1.443708e-01
2.446417e-02
1.451594e-02
2.886377e-04
3.572398e-01
1.636032e-01
1.292901e-01
1.948183e-02
1.012463e-01
1.170539e-02
6.112011e-03
5.682720e-05
6.423854e-02
4.414463e-03
2.369074e-03
9.423894e-06
1.270578e-03
2.870020e-06
1.553956e-06
6.376795e-12
4.959584e-01
4.407881e-01
4.204721e-01
2.431479e-01
3.837815e-01
1.934265e-01
1.555460e-01
2.851981e-02
3.337740e-01
1.404202e-01
1.096130e-01
1.382312e-02
8.320541e-02
7.726201e-03
4.011891e-03
2.563116e-05
2.845897e-01
9.946221e-02
7.639757e-02
6.434138e-03
5.207202e-02
2.916993e-03
1.580680e-03
4.356618e-06
2.613640e-02
8.635606e-04
4.650252e-04
4.170945e-07
2.492187e-04
1.253194e-07
6.817570e-08
1.377329e-14
2.072564e-01
5.141380e-02
3.594201e-02
1.506604e-03
1.948764e-02
5.001862e-04
2.690838e-04
1.453156e-07
1.016155e-02
1.479628e-04
7.960074e-05
1.376280e-08
4.279226e-05
4.123757e-09
2.251649e-09
1.663330e-17
5.379342e-03
4.465039e-05
2.405833e-05
1.345049e-09
1.296716e-05
4.033438e-10
2.206418e-10
1.694704e-19
6.995856e-06
1.209568e-10
6.622072e-11
1.570191e-20
3.626764e-11
4.774017e-21
2.632731e-21
3.595219e-41
5.000000e-01
5.000000e-01
5.000000e-01
5.000000e-01
5.000000e-01
5.000000e-01
5.000000e-01
4.999403e-01
5.000000e-01
5.000000e-01
5.000000e-01
4.999156e-01
5.000000e-01
4.998807e-01
4.998313e-01
4.878889e-01
5.000000e-01
5.000000e-01
5.000000e-01
4.998326e-01
4.999999e-01
4.997632e-01
4.996652e-01
4.829417e-01
4.999998e-01
4.995338e-01
4.993409e-01
4.760681e-01
4.987220e-01
4.666790e-01
4.542555e-01
3.031179e-01
5.000000e-01
4.999997e-01
4.999996e-01
4.994427e-01
4.999993e-01
4.992121e-01
4.988865e-01
4.688971e-01
4.999973e-01
4.984683e-01
4.978369e-01
4.566608e-01
4.959076e-01
4.404182e-01
4.199999e-01
2.424265e-01
4.999782e-01
4.956476e-01
4.938693e-01
4.271137e-01
4.888229e-01
4.017191e-01
3.720844e-01
1.797571e-01
4.753743e-01
3.546576e-01
3.174833e-01
1.258026e-01
2.687597e-01
8.814119e-02
6.756738e-02
4.930534e-03
5.000000e-01
4.999940e-01
4.999915e-01
4.972840e-01
4.999831e-01
4.961658e-01
4.945966e-01
4.315603e-01
4.999403e-01
4.927933e-01
4.898750e-01
4.064324e-01
4.820071e-01
3.755341e-01
3.412377e-01
1.475063e-01
4.996449e-01
4.824329e-01
4.755478e-01
3.551634e-01
4.591749e-01
3.137332e-01
2.729236e-01
9.103922e-02
4.272118e-01
2.537308e-01
2.119918e-01
5.386027e-02
1.703875e-01
3.438925e-02
2.184313e-02
6.186103e-04
4.977981e-01
4.562743e-01
4.405042e-01
2.764083e-01
4.095664e-01
2.271003e-01
1.864982e-01
4.139373e-02
3.630209e-01
1.697457e-01
1.346106e-01
2.117548e-02
1.060739e-01
1.290630e-02
6.773396e-03
6.898141e-05
3.133652e-01
1.222812e-01
9.465911e-02
1.015935e-02
6.929175e-02
5.208815e-03
2.755026e-03
1.255842e-05
3.806533e-02
1.662272e-03
8.973753e-04
1.474600e-06
4.807338e-04
4.446322e-07
2.414653e-07
1.654145e-13
5.000000e-01
4.998750e-01
4.998233e-01
4.876056e-01
4.996522e-01
4.826126e-01
4.757941e-01
3.558847e-01
4.989271e-01
4.694691e-01
4.579844e-01
3.111033e-01
4.334538e-01
2.640551e-01
2.221245e-01
5.930047e-02
4.957414e-01
4.392227e-01
4.184754e-01
2.401150e-01
3.812906e-01
1.904403e-01
1.528687e-01
2.751985e-02
3.310552e-01
1.379015e-01
1.075135e-01
1.327551e-02
8.126256e-02
7.345714e-03
3.818438e-03
2.333916e-05
4.853376e-01
3.875400e-01
3.552314e-01
1.615114e-01
3.081805e-01
1.179426e-01
9.113969e-02
9.377177e-03
2.575523e-01
8.061441e-02
6.178237e-02
4.051582e-03
3.815554e-02
1.669079e-03
9.010693e-04
1.486259e-06
2.039153e-01
4.972399e-02
3.440932e-02
1.399598e-03
1.856308e-02
4.568602e-04
2.457539e-04
1.219772e-07
9.717931e-03
1.360658e-04
7.320594e-05
1.169894e-08
3.936154e-05
3.505410e-09
1.914296e-09
1.207519e-17
4.637586e-01
3.242651e-01
2.841471e-01
9.913428e-02
2.359780e-01
6.720137e-02
5.010415e-02
2.715825e-03
1.936746e-01
4.472955e-02
2.989352e-02
1.107972e-03
1.590554e-02
3.424165e-04
1.841613e-04
6.985295e-08
1.359989e-01
2.162893e-02
1.250984e-02
2.185085e-04
6.483176e-03
6.351349e-05
3.420345e-05
2.667527e-09
3.458465e-03
1.934289e-05
1.043726e-05
2.641215e-10
5.635583e-06
7.928598e-11
4.341847e-11
6.814797e-21
7.685112e-02
6.516631e-03
3.401273e-03
1.874037e-05
1.826433e-03
5.740326e-06
3.104261e-06
2.470951e-11
9.735937e-04
1.723974e-06
9.342447e-07
2.352865e-12
5.067245e-07
7.088043e-13
3.890812e-13
6.022951e-25
5.180353e-04
5.133812e-07
2.787413e-07
2.192879e-13
1.514679e-07
6.617117e-14
3.635616e-14
5.485003e-27
8.237476e-08
1.998193e-14
1.098305e-14
5.106897e-28
6.037976e-15
1.558520e-28
8.610330e-29
4.515446e-56
4.999986e-01
4.989008e-01
4.984471e-01
4.632727e-01
4.970373e-01
4.492893e-01
4.314057e-01
2.606081e-01
4.923305e-01
4.185113e-01
3.925201e-01
2.042483e-01
3.500297e-01
1.561915e-01
1.229301e-01
1.754871e-02
4.788295e-01
3.651090e-01
3.292854e-01
1.362794e-01
2.808030e-01
9.667836e-02
7.421198e-02
6.043815e-03
2.324980e-01
6.516548e-02
4.829468e-02
2.538238e-03
2.745930e-02
9.464606e-04
5.097955e-04
4.977891e-07
4.526148e-01
2.997168e-01
2.582388e-01
8.106421e-02
2.116424e-01
5.367770e-02
3.799064e-02
1.656648e-03
1.711147e-01
3.469109e-02
2.207255e-02
6.307556e-04
1.141874e-02
1.841600e-04
9.905805e-05
2.103075e-08
1.145465e-01
1.515249e-02
8.109345e-03
9.682695e-05
4.344866e-03
2.981012e-05
1.607303e-05
6.130409e-10
2.315885e-03
9.025160e-06
4.876641e-06
5.976363e-11
2.637181e-06
1.795995e-11
9.843588e-12
3.617244e-22
4.039735e-01
2.193261e-01
1.792268e-01
3.814996e-02
1.426838e-01
2.387890e-02
1.409831e-02
2.733015e-04
1.040614e-01
1.239872e-02
6.492305e-03
6.368228e-05
3.499925e-03
1.978525e-05
1.067552e-05
2.760135e-10
5.769838e-02
3.539544e-03
1.921373e-03
6.322823e-06
1.029971e-03
1.920288e-06
1.040442e-06
2.905677e-12
5.495252e-04
5.750788e-07
3.121870e-07
2.739350e-13
1.696145e-07
8.264882e-14
4.540581e-14
8.522983e-27
2.964170e-02
1.090729e-03
5.877670e-04
6.544815e-07
3.149305e-04
1.968491e-07
1.070252e-07
3.343404e-14
1.685008e-04
5.882348e-08
3.203080e-08
3.115228e-15
1.745341e-08
9.424649e-16
5.184934e-16
1.193782e-30
9.020970e-05
1.754205e-08
9.564923e-09
2.881749e-16
5.218483e-09
8.728938e-17
4.805063e-17
1.061040e-32
2.848754e-09
2.645485e-17
1.456668e-17
9.912083e-34
8.021805e-18
3.030101e-34
1.675419e-34
1.880619e-67
2.990763e-01
1.105717e-01
8.521137e-02
8.128875e-03
6.041216e-02
3.865630e-03
2.100229e-03
7.491963e-06
3.123474e-02
1.191958e-03
6.425219e-04
7.766592e-07
3.442471e-04
2.337034e-07
1.270329e-07
4.682777e-14
1.640694e-02
3.628507e-04
1.951555e-04
7.813834e-08
1.047246e-04
2.342473e-08
1.276859e-08
5.091806e-16
5.619995e-05
7.002898e-09
3.821855e-09
4.723016e-17
2.086936e-09
1.431812e-17
7.884951e-18
2.928263e-34
8.619103e-03
1.085941e-04
5.843925e-05
7.554919e-09
3.143705e-05
2.263888e-09
1.236768e-09
5.098996e-18
1.692413e-05
6.778982e-10
3.706916e-10
4.723329e-19
2.027918e-10
1.434499e-19
7.906638e-20
3.119276e-38
9.122214e-06
2.030793e-10
1.111432e-10
4.370635e-20
6.085127e-11
1.328432e-20
7.324809e-21
2.751530e-40
3.332859e-11
4.039172e-21
2.227539e-21
2.578446e-41
1.228556e-21
7.894133e-42
4.368084e-42
1.418146e-82
4.512561e-03
3.202596e-05
1.726564e-05
7.048122e-10
9.312649e-06
2.114361e-10
1.157137e-10
4.733029e-20
5.028010e-06
6.344287e-11
3.474718e-11
4.386287e-21
1.903746e-11
1.334105e-21
7.358520e-22
2.847640e-42
2.717880e-06
1.905111e-11
1.044130e-11
4.064826e-22
5.724358e-12
1.237126e-22
6.825724e-23
2.511643e-44
3.139280e-12
3.766304e-23
2.078321e-23
2.356532e-45
1.146938e-23
7.218987e-46
3.995662e-46
1.244509e-90
1.470912e-06
5.726408e-12
3.140404e-12
3.768975e-23
1.722716e-12
1.147752e-23
6.334392e-24
2.214733e-46
9.452814e-13
3.496154e-24
1.929764e-24
2.079079e-47
1.065235e-24
6.370701e-48
3.526593e-48
9.916154e-95
5.188265e-13
1.065235e-24
5.880491e-25
1.952226e-48
3.246445e-25
5.982728e-49
3.312023e-49
8.842302e-97
1.792372e-25
1.833555e-49
1.015081e-49
8.350539e-98
5.619706e-50
2.566247e-98
1.422632e-98
2.330371e-195
5.000000e-01
5.000000e-01
5.000000e-01
4.999996e-01
5.000000e-01
4.999995e-01
4.999993e-01
4.991976e-01
5.000000e-01
4.999990e-01
4.999985e-01
4.988656e-01
4.999970e-01
4.983969e-01
4.977362e-01
4.556648e-01
5.000000e-01
4.999960e-01
4.999944e-01
4.977953e-01
4.999888e-01
4.968866e-01
4.956095e-01
4.382912e-01
4.999601e-01
4.941126e-01
4.917186e-01
4.153369e-01
4.851208e-01
3.867183e-01
3.542656e-01
1.605131e-01
5.000000e-01
4.999682e-01
4.999550e-01
4.937445e-01
4.999107e-01
4.911893e-01
4.876395e-01
3.966800e-01
4.997036e-01
4.839502e-01
4.776296e-01
3.613853e-01
4.623694e-01
3.210013e-01
2.806513e-01
9.656781e-02
4.985682e-01
4.647335e-01
4.516658e-01
2.977791e-01
4.246483e-01
2.496401e-01
2.080159e-01
5.180214e-02
3.812229e-01
1.903598e-01
1.527966e-01
2.749317e-02
1.211806e-01
1.703438e-02
9.358914e-03
1.267758e-04
4.999999e-01
4.996552e-01
4.995125e-01
4.794156e-01
4.990505e-01
4.712770e-01
4.604103e-01
3.165063e-01
4.972730e-01
4.513456e-01
4.340733e-01
2.651096e-01
4.011218e-01
2.154701e-01
1.756485e-01
3.660353e-02
4.907936e-01
4.107560e-01
3.830164e-01
1.925047e-01
3.390506e-01
1.454033e-01
1.137890e-01
1.494448e-02
2.872661e-01
1.014593e-01
7.797117e-02
6.722544e-03
5.356466e-02
3.075243e-03
1.667185e-03
4.823145e-06
4.740931e-01
3.509783e-01
3.133706e-01
1.222858e-01
2.646191e-01
8.531439e-02
6.538663e-02
4.589301e-03
2.181875e-01
5.715320e-02
4.112449e-02
1.902025e-03
2.271984e-02
6.656026e-04
3.582199e-04
2.523311e-07
1.621277e-01
3.105432e-02
1.933288e-02
4.928090e-04
9.962543e-03
1.425690e-04
7.670146e-05
1.280704e-08
5.324095e-03
4.378771e-05
2.359426e-05
1.294991e-09
1.271756e-05
3.883412e-10
2.124406e-10
1.572495e-19
4.999924e-01
4.974302e-01
4.963743e-01
4.439114e-01
4.932497e-01
4.235317e-01
3.987337e-01
2.122944e-01
4.840959e-01
3.829147e-01
3.498107e-01
1.559705e-01
3.023525e-01
1.131885e-01
8.730871e-02
8.560559e-03
4.624940e-01
3.212915e-01
2.809615e-01
9.679387e-02
2.329345e-01
6.541897e-02
4.852026e-02
2.559994e-03
1.911268e-01
4.352988e-02
2.894035e-02
1.043352e-03
1.528443e-02
3.178585e-04
1.709503e-04
6.048854e-08
4.287429e-01
2.562143e-01
2.144163e-01
5.513635e-02
1.724857e-01
3.526390e-02
2.250889e-02
6.541522e-04
1.332950e-01
2.075020e-02
1.189716e-02
1.988882e-04
6.180803e-03
5.804033e-05
3.126022e-05
2.239179e-09
8.145128e-02
7.382262e-03
3.836965e-03
2.355432e-05
2.061523e-03
7.231040e-06
3.908782e-06
3.878001e-11
1.098777e-03
2.173448e-06
1.177362e-06
3.702297e-12
6.383423e-07
1.114950e-12
6.119072e-13
1.477156e-24
3.641476e-01
1.709643e-01
1.356715e-01
2.152154e-02
1.070340e-01
1.315198e-02
6.910263e-03
7.163268e-05
6.920891e-02
5.195276e-03
2.748408e-03
1.250112e-05
1.474674e-03
3.815585e-06
2.064899e-06
1.112658e-11
3.509852e-02
1.447165e-03
7.807206e-04
1.128953e-06
4.182514e-04
3.400955e-07
1.847666e-07
9.778004e-14
2.236157e-04
1.016486e-07
5.531317e-08
9.128794e-15
3.012084e-08
2.760116e-15
1.518014e-15
1.006741e-29
1.817341e-02
4.391384e-04
2.362131e-04
1.129985e-07
1.267144e-04
3.388586e-08
1.846338e-08
1.052893e-15
6.796532e-05
1.012853e-08
5.525714e-09
9.771135e-17
3.016325e-09
2.961218e-17
1.630478e-17
1.239971e-33
3.649189e-05
3.025605e-09
1.652487e-09
9.033566e-18
9.029908e-10
2.740492e-18
1.509690e-18
1.096782e-35
4.936688e-10
8.317638e-19
4.583078e-19
1.026010e-36
2.525582e-19
3.138591e-37
1.735974e-37
2.108670e-73
4.998216e-01
4.875475e-01
4.825877e-01
3.775392e-01
4.701309e-01
3.401679e-01
3.014110e-01
1.124325e-01
4.436345e-01
2.821582e-01
2.402379e-01
6.974093e-02
1.952675e-01
4.548823e-02
3.055509e-02
1.149917e-03
4.021886e-01
2.169044e-01
1.769774e-01
3.717399e-02
1.408250e-01
2.324218e-02
1.364600e-02
2.571271e-04
1.022248e-01
1.194418e-02
6.242507e-03
5.913861e-05
3.364212e-03
1.835471e-05
9.904983e-06
2.384757e-10
3.507993e-01
1.569699e-01
1.235950e-01
1.774613e-02
9.605533e-02
1.047811e-02
5.449265e-03
4.575345e-05
5.983646e-02
3.795022e-03
2.061478e-03
7.230735e-06
1.105235e-03
2.197971e-06
1.190623e-06
3.784456e-12
2.958127e-02
1.086609e-03
5.855392e-04
6.497217e-07
3.137378e-04
1.954139e-07
1.062459e-07
3.295710e-14
1.678643e-04
5.839449e-08
3.179748e-08
3.070716e-15
1.732642e-08
9.290058e-16
5.110909e-16
1.160187e-30
2.575702e-01
8.062612e-02
6.179131e-02
4.052876e-03
3.816408e-02
1.669724e-03
9.014192e-04
1.487365e-06
1.907493e-02
4.806243e-04
2.585494e-04
1.345349e-07
1.386756e-04
4.035138e-08
2.198192e-08
1.484480e-15
1.011654e-02
1.467347e-04
7.894061e-05
1.354227e-08
4.243813e-05
4.057683e-09
2.215604e-09
1.611204e-17
2.282905e-05
1.214465e-09
6.638026e-10
1.492665e-18
3.629888e-10
4.531419e-19
2.497119e-19
3.068671e-37
5.318517e-03
4.370105e-05
2.354763e-05
1.290013e-09
1.269249e-05
3.868493e-10
2.116250e-10
1.560589e-19
6.848009e-06
1.160146e-10
6.351669e-11
1.445948e-20
3.478757e-11
4.396377e-21
2.424502e-21
3.051757e-41
3.699149e-06
3.481725e-11
1.907583e-11
1.339430e-21
1.045484e-11
4.075265e-22
2.248148e-22
2.691436e-43
5.731777e-12
1.240302e-22
6.843246e-23
2.524489e-44
3.775969e-23
7.732420e-45
4.279549e-45
1.410998e-88
1.616774e-01
3.087744e-02
1.920103e-02
4.865634e-04
9.893320e-03
1.407144e-04
7.570461e-05
1.248610e-08
5.286898e-03
4.321131e-05
2.328417e-05
1.262058e-09
1.255079e-05
3.784707e-10
2.070447e-10
1.494552e-19
2.799521e-03
1.294682e-05
6.991073e-06
1.207953e-10
3.777918e-06
3.628183e-11
1.987779e-11
1.453124e-21
2.043650e-06
1.090353e-11
5.977637e-12
1.347823e-22
3.278111e-12
4.103224e-23
2.264217e-23
2.794568e-45
1.479225e-03
3.838114e-06
2.077069e-06
1.125532e-11
1.125033e-06
3.386714e-12
1.857768e-12
1.332786e-23
6.099612e-07
1.019795e-12
5.597060e-13
1.237951e-24
3.072673e-13
3.772704e-25
2.082890e-25
2.472735e-49
3.310267e-07
3.073341e-13
1.687608e-13
1.150515e-25
9.268992e-14
3.507875e-26
1.937117e-26
2.184488e-51
5.092012e-14
1.069771e-26
5.908108e-27
2.053007e-52
3.263085e-27
6.294256e-53
3.485215e-53
1.019293e-104
7.825465e-04
1.134025e-06
6.149651e-07
1.036270e-12
3.337750e-07
3.123635e-13
1.715214e-13
1.188117e-25
1.813175e-07
9.422614e-14
5.176375e-14
1.105198e-26
2.844279e-14
3.371130e-27
1.861985e-27
2.059176e-53
9.858173e-08
2.844589e-14
1.563344e-14
1.028709e-27
8.593584e-15
3.139059e-28
1.734137e-28
1.821329e-55
4.724718e-15
9.580484e-29
5.293109e-29
1.713020e-56
2.924512e-29
5.253858e-57
2.909667e-57
7.380501e-113
5.364188e-08
8.594052e-15
4.724975e-15
9.581520e-29
2.598243e-15
2.924828e-29
1.616075e-29
1.611782e-57
1.429011e-15
8.929792e-30
4.934454e-30
1.516457e-58
2.726808e-30
4.651775e-59
2.576437e-59
5.892783e-117
7.860757e-16
2.726808e-30
1.506911e-30
1.427002e-59
8.327942e-31
4.377717e-60
2.424742e-60
5.265612e-119
4.602615e-31
1.343036e-60
7.438984e-61
4.977808e-120
4.120442e-61
1.530519e-120
8.486737e-121
9.196848e-240
4.942112e-01
4.291690e-01
4.057697e-01
2.217915e-01
3.657396e-01
1.726985e-01
1.371842e-01
2.201981e-02
3.144510e-01
1.232031e-01
9.540976e-02
1.033013e-02
6.999437e-02
5.324344e-03
2.811555e-03
1.305283e-05
2.641003e-01
8.496409e-02
6.511707e-02
4.547952e-03
4.133666e-02
1.919343e-03
1.036984e-03
1.945411e-06
2.060622e-02
5.549917e-04
2.986049e-04
1.776415e-07
1.601233e-04
5.329807e-08
2.902546e-08
2.565993e-15
1.863161e-01
4.131083e-02
2.719000e-02
9.293048e-04
1.422949e-02
2.780772e-04
1.495540e-04
4.670180e-08
7.623113e-03
8.618749e-05
4.639430e-05
4.825133e-09
2.497010e-05
1.446075e-09
7.902857e-10
2.106296e-18
4.035191e-03
2.591398e-05
1.397572e-05
4.667758e-10
7.541543e-06
1.400653e-10
7.667497e-11
2.098052e-20
4.073665e-06
4.204296e-11
2.303220e-11
1.944687e-21
1.262190e-11
5.916180e-22
3.263542e-22
5.649633e-43
1.100289e-01
1.393287e-02
7.348790e-03
8.043884e-05
3.965849e-03
2.507657e-05
1.352487e-05
4.378640e-10
2.113661e-03
7.583526e-06
4.098967e-06
4.255504e-11
2.217378e-06
1.279179e-11
7.012255e-12
1.848665e-22
1.121730e-03
2.261198e-06
1.224813e-06
4.000338e-12
6.640253e-07
1.204635e-12
6.611064e-13
1.721728e-24
3.603345e-07
3.630262e-13
1.993289e-13
1.600244e-25
1.094722e-13
4.878773e-26
2.694072e-26
4.213109e-51
5.952632e-04
6.706192e-07
3.639669e-07
3.702449e-13
1.977027e-07
1.116835e-13
6.135028e-14
1.547907e-26
1.074798e-07
3.371379e-14
1.852754e-14
1.440763e-27
1.018389e-14
4.396186e-28
2.428559e-28
3.562339e-55
5.847774e-08
1.018472e-14
5.599222e-15
1.341872e-28
3.078831e-15
4.095956e-29
2.263111e-29
3.152501e-57
1.693248e-15
1.250476e-29
6.909757e-30
2.965913e-58
3.818284e-30
9.097813e-59
5.038867e-59
2.248256e-116
6.174902e-02
4.046760e-03
2.191916e-03
8.127394e-06
1.175333e-03
2.472527e-06
1.339079e-06
4.764231e-12
6.269266e-04
7.408468e-07
4.020202e-07
4.500460e-13
2.183404e-07
1.357371e-13
7.455811e-14
2.278384e-26
3.341012e-04
2.206066e-07
1.199234e-07
4.181554e-14
6.524152e-08
1.263155e-14
6.943939e-15
2.056662e-28
3.551964e-08
3.818328e-15
2.099813e-15
1.916665e-29
1.154949e-15
5.852120e-30
3.233879e-30
6.534251e-59
1.782471e-04
6.558066e-08
3.570562e-08
3.857779e-15
1.945342e-08
1.166976e-15
6.419702e-16
1.824232e-30
1.060573e-08
3.532287e-16
1.943773e-16
1.702143e-31
1.069793e-16
5.200355e-32
2.874583e-32
5.344751e-63
5.785680e-09
1.069816e-16
5.888788e-17
1.589098e-32
3.241927e-17
4.856347e-33
2.684795e-33
4.739934e-65
1.785004e-17
1.484318e-33
8.206476e-34
4.464395e-66
4.537330e-34
1.370183e-66
7.590871e-67
5.439502e-132
9.528030e-05
1.950398e-08
1.063350e-08
3.550532e-16
5.800875e-09
1.075362e-16
5.919310e-17
1.605497e-32
3.166370e-09
3.258797e-17
1.794290e-17
1.499697e-33
9.880630e-18
4.584336e-34
2.534740e-34
4.292694e-67
1.729283e-09
9.880737e-18
5.441721e-18
1.401565e-34
2.997342e-18
4.285421e-35
2.369752e-35
3.810635e-69
1.651155e-18
1.310463e-35
7.247019e-36
3.590856e-70
4.007800e-36
1.102343e-70
6.107740e-71
3.630660e-140
9.449155e-10
2.997358e-18
1.651164e-18
1.310478e-35
9.096867e-19
4.007843e-36
2.216509e-36
3.384205e-71
5.012357e-19
1.225858e-36
6.779885e-37
3.189726e-72
3.749869e-37
9.793076e-73
5.426331e-73
2.907928e-144
2.762098e-19
3.749869e-37
2.074060e-37
3.006742e-73
1.147196e-37
9.231757e-74
5.115436e-74
2.602804e-146
6.345489e-38
2.834547e-74
1.570678e-74
2.462560e-147
8.703494e-75
7.574666e-148
4.201001e-148
2.498947e-294
3.112281e-02
1.184977e-03
6.387445e-04
7.679109e-07
3.422245e-04
2.310637e-07
1.256000e-07
4.579518e-14
1.830639e-04
6.905041e-08
3.759240e-08
4.269279e-15
2.048020e-08
1.291382e-15
7.103881e-16
2.230387e-30
9.797912e-05
2.058905e-08
1.122443e-08
3.949812e-16
6.122918e-09
1.196231e-16
6.584465e-17
1.983622e-32
3.341986e-09
3.624902e-17
1.995820e-17
1.852817e-33
1.099014e-17
5.663640e-34
3.131467e-34
6.542569e-67
5.251739e-05
6.139192e-09
3.350898e-09
3.643993e-17
1.829981e-09
1.104825e-17
6.084572e-18
1.749694e-34
9.998949e-10
3.351391e-18
1.846151e-18
1.635928e-35
1.017090e-18
5.003066e-36
2.766881e-36
5.266184e-71
5.466030e-10
1.017096e-18
5.604065e-19
1.530247e-36
3.088102e-19
4.680895e-37
2.588987e-37
4.678729e-73
1.701869e-19
1.431997e-37
7.920732e-38
4.410695e-74
4.381265e-38
1.354294e-74
7.504471e-75
5.633882e-148
2.819998e-05
1.832411e-09
1.001227e-09
3.360213e-18
5.473323e-10
1.019778e-18
5.618839e-19
1.538275e-36
2.993414e-10
3.096259e-19
1.706363e-19
1.439525e-37
9.404819e-20
4.404295e-38
2.436247e-38
4.202134e-75
1.637829e-10
9.404845e-20
5.184107e-20
1.347657e-38
2.857844e-20
4.124030e-39
2.281436e-39
3.736337e-77
1.575593e-20
1.262133e-39
6.982511e-40
3.523648e-78
3.863030e-40
1.082133e-78
5.996919e-79
3.697195e-156
8.964926e-11
2.857848e-20
1.575596e-20
1.262136e-39
8.687409e-21
3.863040e-40
2.137250e-40
3.323384e-79
4.790433e-21
1.182472e-40
6.542382e-41
3.134759e-80
3.619847e-41
9.627865e-81
5.335761e-81
2.965549e-160
2.641782e-21
3.619847e-41
2.002874e-41
2.957093e-81
1.108221e-41
9.082573e-82
5.033664e-82
2.656282e-162
6.132078e-42
2.789728e-82
1.546114e-82
2.514039e-163
8.568868e-83
7.734356e-164
4.289938e-164
0
1.517002e-05
5.476954e-10
2.995406e-10
3.100332e-19
1.638921e-10
9.417238e-20
5.190938e-20
1.351190e-38
8.970904e-11
2.861617e-20
1.577673e-20
1.265448e-39
8.698862e-21
3.873175e-40
2.142857e-40
3.340795e-79
4.912253e-11
8.698874e-21
4.796754e-21
1.185577e-40
2.645268e-21
3.629352e-41
2.008133e-41
2.972600e-81
1.458911e-21
1.111130e-41
6.148179e-42
2.804357e-82
3.402019e-42
8.613803e-83
4.773963e-83
2.404447e-164
2.690810e-11
2.645270e-21
1.458912e-21
1.111132e-41
8.046817e-22
3.402024e-42
1.882506e-42
2.645858e-83
4.438684e-22
1.041703e-42
5.764477e-43
2.496507e-84
3.189954e-43
7.668820e-85
4.250397e-85
1.929874e-168
2.448603e-22
3.189954e-43
1.765294e-43
2.355768e-85
9.769178e-44
7.236770e-86
4.011012e-86
1.729157e-170
5.406386e-44
2.223131e-86
1.232191e-86
1.636813e-171
6.829569e-87
5.035984e-172
2.793366e-172
0
1.474466e-11
8.046820e-22
4.438685e-22
1.041704e-42
2.448604e-22
3.189956e-43
1.765295e-43
2.355772e-85
1.350878e-22
9.769184e-44
5.406389e-44
2.223134e-86
2.992019e-44
6.829579e-87
3.785393e-87
1.549433e-172
7.453259e-23
2.992019e-44
1.655881e-44
2.098119e-87
9.164354e-45
6.445757e-88
3.572718e-88
1.388486e-174
5.072035e-45
1.980275e-88
1.097625e-88
1.314430e-175
6.083937e-89
4.044251e-176
2.243309e-176
0
4.112520e-23
9.164354e-45
5.072035e-45
1.980275e-88
2.807180e-45
6.083937e-89
3.372230e-89
1.244345e-176
1.553695e-45
1.869181e-89
1.036066e-89
1.178017e-177
5.742824e-90
3.624597e-178
2.010548e-178
0
8.599412e-46
5.742824e-90
3.183210e-90
1.115244e-178
1.764440e-90
3.431481e-179
1.903436e-179
0
9.780260e-91
1.055833e-179
5.856697e-180
0
3.248708e-180
0
0
0
