2047
2048
2046
2044
2040
2032
2016
1984
1920
1792
1536
1024
2045
2043
2042
2039
2038
2036
2031
2030
2028
2024
2015
2014
2012
2008
2000
1983
1982
1980
1976
1968
1952
1919
1918
1916
1912
1904
1888
1791
1856
1790
1788
1784
1776
1760
1728
1535
1534
1532
1528
1520
1664
1504
1472
1023
1022
1020
1016
1008
2041
992
2037
2035
2029
2034
2027
2026
2023
2013
2022
2011
1408
2010
2020
2007
2006
2004
1999
1981
1998
1979
1978
1996
1975
1974
1972
1992
1967
1966
1964
1960
1951
1917
1950
960
1915
1914
1948
1911
1910
1908
1944
1903
1902
1900
1896
1936
1887
1886
1884
1880
1872
1855
1789
1854
1787
1786
1852
1783
1782
1280
1780
1848
1775
1774
1772
1768
1840
1759
1758
1756
1752
896
1744
1824
1727
1726
1724
1720
1712
1533
1531
1530
1527
1526
1524
1519
1518
1663
1696
1662
1516
1660
1512
1503
1656
1502
1500
768
1496
1648
1488
1471
1470
1468
1464
1632
1021
1019
1018
1456
1015
1014
1012
1007
1006
1004
1000
991
990
2033
2025
988
1440
2021
1407
2009
2019
1406
2005
2018
2003
984
1404
1997
2002
1977
1995
1973
1994
1971
1991
1400
1965
1970
1990
1600
1963
1962
1988
1959
976
1949
1958
959
1913
1947
958
1909
1946
1956
1907
1943
956
1392
512
1901
1906
1942
1899
1898
1940
1895
1935
952
1885
1894
1934
1883
1882
1892
1932
1879
1878
1876
1928
1871
944
1853
1870
1785
1851
1781
1850
1868
1279
1779
1847
1376
1278
1773
1778
1846
1771
1276
1770
1844
1864
1767
1839
1757
1766
1838
1755
1272
1754
1764
1836
1751
1750
1748
895
1832
1743
928
894
1823
1725
1742
1822
1723
892
1264
1722
1740
1820
1719
1718
888
1716
1736
1816
1711
1710
1708
1529
1525
1344
880
1523
1704
1808
1517
1522
1695
1661
1515
1694
1659
1514
1248
1658
1511
1692
1655
1501
1510
1654
1499
767
1498
1508
1652
766
1495
1688
1647
1494
1646
764
1492
1644
1487
1469
1486
760
1467
864
1466
1484
1640
1463
1680
1631
1462
1630
1460
1480
1628
1017
1455
1013
1454
1011
752
1005
1010
1452
1216
1624
1003
1002
999
989
998
1448
987
1439
986
996
1405
1438
2017
983
1403
2001
982
1402
1436
1993
1616
1399
1969
1989
1599
832
980
1398
1961
1987
1598
975
1957
1986
957
974
1396
1432
1945
1955
1596
955
1391
511
1905
1941
1954
954
972
1390
510
1897
1939
736
951
1893
1933
1938
950
1388
508
1881
1891
1931
1592
1877
1890
1930
948
968
1875
1927
943
1869
1874
1926
942
1424
1384
1152
504
1849
1867
1375
1277
1777
1845
1866
1924
1374
1275
940
1769
1843
1863
1274
1765
1837
1842
1862
1372
1271
1753
1763
1835
1584
1270
1749
1762
1834
1860
936
1747
1831
927
893
1268
1741
1746
1821
1830
704
926
891
1368
1263
496
1721
1739
1819
890
1262
1717
1738
1818
1828
924
887
1715
1735
1815
886
1260
1709
1714
1734
1814
1707
884
1706
1732
1812
920
1343
879
1703
1807
1521
1342
878
1256
1693
1702
1806
1513
1360
1247
1657
1691
1568
1509
1246
1340
1653
876
1690
1700
1804
1497
1507
1651
765
1687
1493
1506
1244
1645
1650
763
1686
480
1491
1643
762
1485
1490
1336
872
1642
759
1684
863
1800
912
1465
1483
1639
758
1679
862
1461
1482
1240
1629
1638
1678
640
1459
1479
1627
756
860
1453
1458
1478
1626
1636
751
1676
1009
1451
1215
1623
750
1001
1450
1476
1214
1622
997
1447
748
856
985
995
1437
1446
1212
1328
1620
1672
981
994
1401
1435
448
1615
831
979
1397
1434
1232
1444
1597
1614
1985
830
973
978
1395
1431
1595
744
1953
953
971
1389
1394
509
1430
1208
1594
1612
735
1937
828
949
970
1387
507
1591
734
1889
1929
947
967
1386
1428
506
1590
1873
1925
941
946
1423
966
1383
1151
503
1312
732
848
1865
1923
1373
939
1422
1382
1150
502
1608
1588
1273
1841
1861
1922
824
1371
938
964
1583
1269
1761
1833
1859
1370
935
1420
1380
1148
500
1582
1267
1745
1829
1858
703
925
1367
1200
495
934
728
889
1261
1266
1737
1817
1827
702
923
1366
494
1580
885
1259
1713
1733
1813
1826
922
932
384
883
1258
1705
1731
1811
700
1416
919
1144
1364
492
1341
877
882
1255
1701
1730
1805
1810
816
1359
918
1567
1245
1339
875
1254
1689
1699
1803
1358
1576
1566
1505
1243
1338
1649
874
1184
1685
1698
479
1802
720
916
761
1489
1242
1335
871
1641
1252
1683
696
478
1799
911
1356
488
757
861
1564
1481
1239
1334
870
1637
1677
1682
1798
910
639
1136
755
859
1457
1477
1238
1625
1635
1675
476
638
800
749
754
858
1449
1475
1213
1332
868
1621
1634
1674
1796
908
747
855
1445
1236
1474
1211
1327
1619
1671
993
636
688
1352
447
746
854
1560
1433
1231
1443
1210
1326
1613
1618
1670
829
977
446
743
1393
1429
1230
1442
1207
1593
1611
256
472
1120
827
969
733
742
852
1385
1427
505
1324
1206
904
1589
1610
1668
826
945
965
444
1311
731
847
1228
1421
632
1381
1149
1426
501
1552
1607
1587
1921
823
937
963
1310
740
730
846
1369
1419
672
1379
1204
1147
499
1581
1606
464
1586
1857
822
1199
933
962
727
1265
701
1365
493
1418
1378
1146
498
1320
1579
1825
921
440
1198
931
1308
383
726
844
1257
624
1224
699
1415
1143
1363
491
1604
1578
881
1729
820
1809
815
917
930
382
1253
1088
698
1357
1414
1142
1362
490
1575
1565
1337
873
1183
1697
1801
814
719
915
1196
724
1241
1251
695
477
1304
1355
487
840
1574
432
1563
1333
869
1182
1681
1797
718
909
1135
914
380
1237
1250
694
475
1354
637
1412
1140
486
799
753
857
1562
1331
867
1633
608
1673
812
1795
907
1192
1134
1235
1473
474
635
687
1351
1572
798
745
853
1559
1180
1330
866
1209
376
1325
716
1617
1296
1669
1794
906
445
692
1234
1229
1441
484
255
471
808
634
1119
686
1350
741
1132
1558
851
416
1323
1205
903
1609
1667
825
443
796
1176
712
1227
631
1425
1551
254
470
1118
1309
739
729
845
850
1322
671
1203
902
1605
463
1585
1666
684
1348
368
821
442
961
1556
1128
576
1226
630
1417
1377
1145
1550
497
1319
792
439
1197
1307
252
468
725
843
738
1116
623
1223
670
1603
1202
1577
462
819
900
1168
929
381
1087
680
697
1413
1141
1361
628
489
1548
1318
813
438
1195
1306
842
723
622
1222
668
1303
460
1602
248
839
1573
431
1112
818
1181
717
352
913
379
1086
784
1316
1249
693
1353
1411
1139
436
485
1561
1194
620
1220
722
607
1544
811
1191
1133
1302
838
430
473
1571
797
1084
664
378
456
1179
1329
865
375
715
1295
1410
1138
1793
905
606
691
810
240
1233
1190
483
1104
1300
807
633
836
685
1349
428
1131
1570
1557
616
415
1178
374
714
1294
795
1175
320
690
711
253
482
1080
469
1117
806
604
1188
1130
849
414
656
1321
901
1665
683
1347
367
441
1555
794
1127
1174
710
575
372
1225
629
424
1292
1549
791
251
467
737
1115
224
682
1346
804
669
1201
366
461
1554
899
1126
1167
412
574
600
679
627
1547
1317
1072
790
1172
250
708
466
437
1114
1305
841
621
1221
667
459
1601
247
898
1288
1166
1111
817
364
678
351
1085
626
1124
783
1546
1315
572
435
1193
619
408
1219
721
788
1543
666
458
1301
246
837
192
429
1110
592
350
1083
663
377
455
1164
782
1314
1056
676
1409
1137
434
618
605
360
1218
809
239
1189
1542
1103
1299
835
568
427
1569
615
244
1082
662
1177
1108
454
373
713
1293
400
348
319
689
780
481
1079
238
805
603
1160
1187
1102
1298
1129
128
834
413
426
1540
655
614
793
1173
709
371
660
423
1291
560
452
318
1078
223
602
344
1186
681
1345
803
365
776
236
654
1553
1125
1100
411
573
599
612
370
1071
789
1171
422
1290
249
707
465
1113
316
222
1076
897
802
1287
1165
544
363
677
410
336
652
232
625
1123
598
1545
1096
571
1070
1170
706
420
407
787
665
457
245
191
220
1109
1286
312
591
349
362
1163
781
1313
1122
1055
570
596
675
648
433
1068
617
406
359
1217
786
1541
190
567
590
1284
216
243
1081
661
304
1162
1107
453
399
1054
674
347
779
358
1064
404
237
1159
1101
566
1297
127
188
833
425
1539
588
242
613
1106
208
398
288
346
1052
659
778
559
451
356
317
1158
1077
126
564
601
343
1185
1538
184
775
235
584
653
1099
396
1048
658
558
611
450
369
421
1289
1156
342
124
176
774
234
315
221
1098
1075
801
392
543
1040
610
556
409
335
651
231
597
1095
340
120
1069
1169
314
772
160
705
1074
419
542
552
334
650
219
230
1285
311
1094
361
112
1121
418
569
595
647
540
1067
332
218
405
228
310
785
1092
96
189
589
594
1283
646
215
536
303
1066
1161
328
308
1053
673
64
357
1282
644
1063
403
214
528
302
565
187
587
241
1105
207
1062
402
212
397
287
345
1051
300
186
777
586
355
1157
206
1060
125
563
286
1050
296
1537
183
583
354
395
204
1047
562
284
657
557
182
449
582
1155
394
341
123
200
1046
280
175
773
233
180
1097
580
1154
391
122
1039
1044
609
555
272
174
339
390
119
1038
313
771
554
159
172
1073
541
338
388
118
1036
551
770
158
333
649
168
229
1093
111
116
1032
550
156
417
539
110
548
331
217
152
227
309
1091
538
95
108
330
144
226
593
645
1090
535
94
104
1065
327
307
534
63
92
326
306
1281
643
213
527
532
62
88
301
324
642
526
60
80
1061
401
211
524
56
299
185
210
585
520
48
298
205
1059
285
1049
32
295
1058
353
294
203
561
283
292
181
202
581
282
393
199
1045
279
179
198
579
1153
278
178
121
196
578
1043
271
276
173
1042
270
389
1037
553
268
171
264
170
337
387
117
1035
769
157
167
386
1034
166
115
1031
549
155
164
114
1030
154
109
1028
547
151
546
537
150
107
329
143
148
225
106
1089
142
93
103
140
102
533
91
136
100
325
305
90
531
61
87
323
530
641
525
86
59
79
322
523
55
209
519
47
297
31
1057
293
291
201
281
197
277
177
195
577
275
1041
269
267
263
169
385
1033
165
163
113
1029
153
1027
545
149
147
105
141
1
3
5
7
9
11
13
15
17
19
21
23
25
27
29
33
35
37
39
41
43
45
49
51
53
57
65
67
69
71
73
75
77
81
83
85
89
97
99
101
129
131
133
135
137
139
145
161
193
257
259
261
265
273
289
321
513
515
517
521
529
1025
58
78
522
54
518
46
30
290
194
274
266
262
162
1026
146
2
6
10
14
18
22
26
34
38
42
50
66
70
74
82
98
130
134
138
258
514
84
76
52
516
44
28
260
4
12
20
36
68
132
72
40
24
8
16
